-0.980101 0.000138 -0.198500 0.000109 1.000000 0.000157 0.198500 0.000132 -0.980101 -6.052428 1.522003 23.928861
-0.990567 0.000217 -0.137032 0.000218 1.000000 0.000008 0.137032 -0.000022 -0.990567 -6.106832 1.601004 22.895761
-0.998565 0.000111 -0.053559 0.000097 1.000000 0.000263 0.053559 0.000257 -0.998565 -6.451601 1.561012 23.000031
-0.993983 0.000177 -0.109533 0.000148 1.000000 0.000266 0.109533 0.000248 -0.993983 -6.474262 1.507294 22.055064
-0.996806 0.000170 -0.079864 0.000142 1.000000 0.000358 0.079864 0.000346 -0.996806 -6.685442 1.510374 21.547772
-0.999484 0.000162 -0.032114 0.000155 1.000000 0.000215 0.032114 0.000210 -0.999484 -6.903202 1.555129 21.067167
-0.994359 0.000198 -0.106070 0.000166 1.000000 0.000303 0.106070 0.000284 -0.994359 -6.843950 1.571894 19.649994
-0.999645 0.000167 -0.026624 0.000159 1.000000 0.000312 0.026624 0.000307 -0.999645 -7.094462 1.647090 19.052197
-1.000000 0.000262 0.001029 0.000262 1.000000 0.000192 -0.001029 0.000192 -1.000000 -6.755873 1.595966 16.728131
-0.999971 0.000164 0.007603 0.000168 1.000000 0.000604 -0.007602 0.000605 -0.999971 -6.539227 1.571111 14.976964
-0.999889 0.000147 -0.014916 0.000136 1.000000 0.000732 0.014916 0.000730 -0.999889 -6.723718 1.616275 14.317703
-0.999958 0.000252 0.009225 0.000257 1.000000 0.000564 -0.009225 0.000567 -0.999958 -6.587262 1.564096 12.732047
-0.999896 0.000003 0.014420 0.000013 1.000000 0.000658 -0.014420 0.000658 -0.999896 -6.549991 1.533099 11.493009
-0.999554 -0.000079 0.029870 -0.000025 0.999998 0.001836 -0.029871 0.001835 -0.999552 -6.507054 1.541601 10.144742
-0.998433 0.000447 -0.055959 0.000357 0.999999 0.001625 0.055959 0.001603 -0.998432 -7.289938 1.781063 10.336047
