-0.992979 0.000092 -0.118288 0.000090 1.000000 0.000026 0.118288 0.000015 -0.992979 -6.925206 1.614203 21.857831
-0.997998 0.000079 -0.063244 0.000076 1.000000 0.000053 0.063244 0.000048 -0.997998 -7.126965 1.705898 21.222847
-0.999330 0.000062 -0.036595 0.000063 1.000000 -0.000013 0.036595 -0.000015 -0.999330 -7.331411 1.734091 20.609364
-0.997518 0.000074 -0.070417 0.000070 1.000000 0.000065 0.070417 0.000060 -0.997518 -7.414307 1.724454 19.713481
-0.999311 0.000078 -0.037115 0.000085 1.000000 -0.000187 0.037115 -0.000190 -0.999311 -7.034220 1.571644 17.349667
-0.999392 0.000113 -0.034870 0.000120 1.000000 -0.000217 0.034870 -0.000221 -0.999392 -7.009356 1.560822 16.127300
-0.998241 0.000112 -0.059287 0.000125 1.000000 -0.000214 0.059287 -0.000221 -0.998241 -7.216677 1.628612 15.419989
-0.999973 -0.000018 -0.007282 -0.000016 1.000000 -0.000299 0.007282 -0.000299 -0.999973 -6.752126 1.486337 13.142739
-0.999916 0.000098 -0.013026 0.000101 1.000000 -0.000269 0.013026 -0.000271 -0.999916 -6.735735 1.494958 11.959856
-0.999953 -0.000063 0.009671 -0.000067 1.000000 -0.000465 -0.009671 -0.000466 -0.999953 -6.582198 1.438250 10.482862
-0.999500 0.000392 -0.031602 0.000364 1.000000 0.000881 0.031603 0.000869 -0.999500 -7.108704 1.579139 10.149793
