0.992317 -0.000007 -0.123726 -0.000371 0.999995 -0.003029 0.123726 0.003051 0.992312 3.433065 1.151992 8.605459
0.992831 0.000258 -0.119532 -0.000647 0.999995 -0.003211 0.119531 0.003265 0.992825 3.272308 1.177380 8.952081
0.990404 -0.000770 -0.138199 0.000406 0.999996 -0.002661 0.138200 0.002579 0.990401 2.928663 1.182250 9.090850
0.994180 -0.000042 -0.107734 -0.000058 1.000000 -0.000924 0.107734 0.000925 0.994180 2.683584 1.106485 9.163522
0.995608 0.000069 -0.093617 -0.000157 1.000000 -0.000935 0.093617 0.000946 0.995608 2.494163 1.079491 9.456341
0.991861 -0.000488 -0.127323 0.000324 0.999999 -0.001316 0.127323 0.001264 0.991860 2.210915 1.116518 9.645903
0.994800 -0.000130 -0.101845 0.000011 0.999999 -0.001176 0.101845 0.001169 0.994799 1.941456 1.083169 9.582676
0.992847 -0.000250 -0.119393 0.000178 1.000000 -0.000608 0.119394 0.000582 0.992847 1.866052 1.144172 10.165813
0.991876 -0.000370 -0.127206 0.000218 0.999999 -0.001209 0.127206 0.001172 0.991875 1.718402 1.125959 10.493237
0.994818 -0.000461 -0.101673 0.000299 0.999999 -0.001611 0.101673 0.001573 0.994817 1.418264 1.026711 10.164713
0.997452 -0.000847 -0.071323 0.000703 0.999998 -0.002047 0.071325 0.001991 0.997451 1.370201 0.979993 10.601407
0.992054 -0.000855 -0.125808 0.000620 0.999998 -0.001908 0.125810 0.001815 0.992053 1.326932 1.022070 11.585561
0.994475 -0.000194 -0.104977 0.000096 1.000000 -0.000946 0.104978 0.000931 0.994474 1.183096 0.989792 11.715261
0.995157 -0.000131 -0.098307 0.000024 0.999999 -0.001090 0.098307 0.001082 0.995156 0.982771 0.963349 11.610056
0.993619 -0.000265 -0.112791 0.000126 0.999999 -0.001241 0.112791 0.001219 0.993618 0.827906 0.999355 11.912583
0.995146 -0.000257 -0.098403 0.000085 0.999998 -0.001750 0.098403 0.001733 0.995145 0.765508 1.023656 12.395067
0.997065 -0.000036 -0.076559 -0.000045 0.999999 -0.001061 0.076559 0.001061 0.997064 0.720414 1.025874 12.830067
0.997079 -0.000027 -0.076386 -0.000053 0.999999 -0.001047 0.076386 0.001047 0.997078 0.762596 1.136946 14.213489
0.998750 -0.000009 -0.049989 -0.000051 0.999999 -0.001181 0.049989 0.001182 0.998749 0.674647 1.076558 14.175756
0.998280 0.000204 -0.058622 -0.000211 1.000000 -0.000107 0.058622 0.000119 0.998280 0.676831 1.157398 16.306658
0.984400 -0.000048 -0.175948 -0.000037 1.000000 -0.000478 0.175948 0.000477 0.984400 0.443543 1.261175 16.257336
0.997389 -0.000028 -0.072229 -0.000019 1.000000 -0.000647 0.072229 0.000647 0.997388 0.421288 1.167958 15.825461
0.999998 0.000038 -0.002182 -0.000040 0.999999 -0.001035 0.002182 0.001035 0.999997 0.385471 1.135628 15.650461
0.999514 0.000194 -0.031173 -0.000284 0.999996 -0.002879 0.031173 0.002887 0.999510 0.361553 1.183453 17.228231
0.997288 0.000142 -0.073601 -0.000177 1.000000 -0.000471 0.073601 0.000482 0.997287 0.092296 1.194859 16.545708
0.999121 0.000060 -0.041910 -0.000066 1.000000 -0.000135 0.041910 0.000138 0.999121 0.027311 1.283919 16.425567
0.974274 -0.000262 -0.225365 0.000023 0.999999 -0.001063 0.225366 0.001031 0.974273 -0.223999 1.750131 20.844103
0.999613 0.000133 -0.027847 -0.000154 1.000000 -0.000743 0.027847 0.000747 0.999612 -0.164186 1.163602 16.764531
0.991701 -0.000170 -0.128566 0.000109 1.000000 -0.000477 0.128567 0.000459 0.991701 -0.380121 1.059101 17.004794
0.998653 -0.000070 -0.051889 0.000059 1.000000 -0.000196 0.051889 0.000193 0.998653 -0.391769 1.049902 19.089453
0.999852 0.000306 0.017182 -0.000292 1.000000 -0.000831 -0.017182 0.000826 0.999852 -1.737777 1.543572 24.112139
0.985324 0.000471 0.170692 -0.000388 1.000000 -0.000522 -0.170692 0.000448 0.985324 -1.976830 1.523751 24.028867
0.988918 -0.000107 -0.148459 0.000122 1.000000 0.000093 0.148459 -0.000110 0.988918 -0.769431 1.222796 20.704289
0.998500 0.000133 -0.054747 -0.000147 1.000000 -0.000256 0.054747 0.000264 0.998500 -0.741463 1.129019 21.343639
0.994670 0.000056 -0.103115 -0.000145 1.000000 -0.000860 0.103115 0.000871 0.994670 -0.725566 1.320031 24.108706
0.970126 0.000476 -0.242601 -0.000569 1.000000 -0.000313 0.242601 0.000441 0.970126 -1.726422 1.509089 23.826492
0.999954 0.000149 0.009572 -0.000147 1.000000 -0.000234 -0.009572 0.000233 0.999954 -2.143397 1.440895 24.487444
0.994347 -0.000016 -0.106183 0.000014 1.000000 -0.000021 0.106183 0.000019 0.994347 -0.880194 1.129608 19.097186
0.999898 0.000201 0.014336 -0.000194 1.000000 -0.000437 -0.014336 0.000434 0.999897 -2.172167 1.504981 25.071006
0.999985 0.000321 -0.005383 -0.000322 1.000000 -0.000094 0.005383 0.000096 0.999985 -2.241690 1.366335 25.399597
0.999936 0.000181 -0.011290 -0.000185 1.000000 -0.000355 0.011290 0.000357 0.999936 -0.747269 1.114268 21.526008
1.000000 0.000084 0.000489 -0.000084 1.000000 -0.000157 -0.000489 0.000157 1.000000 -0.709415 1.122553 19.890619
0.999539 0.000017 -0.030357 -0.000041 1.000000 -0.000806 0.030357 0.000806 0.999539 -0.713975 1.149751 20.811578
0.999594 -0.000188 0.028488 0.000219 0.999999 -0.001064 -0.028487 0.001070 0.999593 -2.301536 1.314160 26.274928
1.000000 0.000103 0.000059 -0.000103 1.000000 0.000416 -0.000059 -0.000416 1.000000 -0.704258 1.137354 22.671025
0.999157 0.000020 -0.041056 -0.000039 1.000000 -0.000451 0.041056 0.000452 0.999157 -0.701491 1.006960 21.330728
0.999978 0.000004 -0.006597 -0.000005 1.000000 -0.000152 0.006597 0.000152 0.999978 -0.624408 1.101727 25.954253
0.992194 0.000206 -0.124701 -0.000262 1.000000 -0.000428 0.124701 0.000458 0.992194 -1.263913 1.305451 26.937372
0.984367 0.000119 -0.176133 -0.000074 1.000000 0.000264 0.176133 -0.000247 0.984367 -1.498002 1.171637 25.770333
0.999279 0.000390 0.037956 -0.000372 1.000000 -0.000482 -0.037957 0.000467 0.999279 -1.745729 1.249769 28.240658
0.999993 0.000149 -0.003839 -0.000153 0.999999 -0.001052 0.003839 0.001053 0.999992 -0.809118 1.021152 26.198436
0.984981 0.000047 0.172663 0.000152 0.999999 -0.001139 -0.172663 0.001148 0.984980 -1.171105 0.811017 28.552808
0.999497 -0.000012 0.031717 0.000019 1.000000 -0.000220 -0.031717 0.000221 0.999497 -2.235258 1.205508 28.866444
0.996391 0.000001 0.084885 0.000024 1.000000 -0.000300 -0.084885 0.000301 0.996391 -0.737520 1.097764 29.064489
0.994940 -0.000398 0.100469 0.000553 0.999999 -0.001513 -0.100468 0.001561 0.994940 -1.576195 0.717402 29.283933
0.999999 0.000234 0.001080 -0.000233 1.000000 -0.000344 -0.001080 0.000344 0.999999 -1.715629 0.874845 30.251961
0.972199 0.000389 0.234153 -0.000305 1.000000 -0.000395 -0.234153 0.000313 0.972199 -1.666377 0.947923 31.213061
0.999994 -0.000021 -0.003365 0.000014 0.999998 -0.001977 0.003366 0.001977 0.999992 -0.613562 1.228042 30.528122
0.977351 0.000970 0.211620 -0.000484 0.999997 -0.002348 -0.211622 0.002192 0.977349 -0.985289 0.924352 29.792528
0.998843 0.000008 0.048084 0.000014 1.000000 -0.000456 -0.048084 0.000456 0.998843 -0.794401 1.190694 29.374031
0.994154 -0.000177 0.107971 0.000258 1.000000 -0.000735 -0.107971 0.000759 0.994154 -1.256430 1.170249 29.591936
0.999240 -0.000115 -0.038970 0.000079 1.000000 -0.000926 0.038970 0.000923 0.999240 -1.317987 0.882112 29.560667
0.999339 -0.000034 0.036361 0.000060 1.000000 -0.000738 -0.036361 0.000739 0.999339 -0.706903 1.182463 29.487883
0.997505 -0.000029 -0.070595 -0.000014 1.000000 -0.000606 0.070595 0.000605 0.997505 -0.800643 0.965355 29.971664
0.999956 -0.000277 0.009420 0.000287 0.999999 -0.001084 -0.009419 0.001087 0.999955 -1.744142 0.905559 29.608097
0.988929 0.000081 -0.148387 -0.000220 1.000000 -0.000918 0.148387 0.000941 0.988929 -1.715224 0.998351 30.195953
0.984998 -0.000047 0.172566 0.000174 1.000000 -0.000721 -0.172566 0.000740 0.984998 -1.925327 1.346821 31.104172
0.991417 0.000181 0.130737 -0.000046 0.999999 -0.001036 -0.130737 0.001021 0.991417 -1.061468 0.889708 31.369475
0.984471 0.000374 0.175546 -0.000132 0.999999 -0.001395 -0.175546 0.001350 0.984470 -0.811850 0.895806 31.947639
0.997344 0.000051 0.072834 -0.000026 1.000000 -0.000347 -0.072835 0.000344 0.997344 -1.991869 1.281339 32.354039
0.999782 0.000022 0.020848 -0.000015 1.000000 -0.000341 -0.020848 0.000341 0.999782 -0.506675 1.227244 31.645408
0.998433 -0.000020 0.055971 0.000036 1.000000 -0.000285 -0.055971 0.000286 0.998433 -0.576218 1.097192 31.822936
0.999787 0.000003 0.020651 0.000012 1.000000 -0.000745 -0.020651 0.000745 0.999787 -0.475889 1.414480 31.653389
0.973021 0.000166 0.230714 -0.000085 1.000000 -0.000364 -0.230714 0.000334 0.973021 -1.274805 1.176555 31.387547
0.987486 0.000032 0.157709 0.000123 1.000000 -0.000971 -0.157709 0.000978 0.987485 -0.546962 1.054276 31.336117
0.993217 0.000110 0.116270 0.000059 0.999999 -0.001448 -0.116270 0.001445 0.993216 -1.711542 1.151533 31.622869
0.996001 0.000076 0.089333 0.000054 0.999999 -0.001458 -0.089333 0.001457 0.996000 -0.538395 1.094951 31.899997
0.996332 0.000204 0.085572 -0.000125 1.000000 -0.000925 -0.085572 0.000911 0.996331 -0.552188 1.185120 32.049497
0.999687 -0.000004 0.025048 0.000028 1.000000 -0.000952 -0.025048 0.000953 0.999686 -0.488000 1.280771 32.373453
0.998704 0.000261 0.050892 -0.000226 1.000000 -0.000690 -0.050893 0.000678 0.998704 -0.562289 1.339811 32.424672
0.999535 0.000019 0.030465 -0.000011 1.000000 -0.000273 -0.030465 0.000272 0.999535 -0.456172 1.331341 31.424722
0.997831 0.000413 0.065822 -0.000370 1.000000 -0.000662 -0.065823 0.000637 0.997831 -0.684606 1.269492 32.989267
0.999393 0.000019 0.034841 -0.000001 1.000000 -0.000524 -0.034841 0.000524 0.999393 -0.453867 1.240598 33.100706
0.993947 0.000126 0.109867 -0.000043 1.000000 -0.000758 -0.109867 0.000749 0.993946 -0.667871 1.195183 33.229672
0.997512 0.000002 0.070495 0.000028 1.000000 -0.000435 -0.070495 0.000436 0.997512 -0.482478 1.221710 33.297228
0.999473 -0.000061 0.032455 0.000079 1.000000 -0.000535 -0.032455 0.000538 0.999473 -1.860009 1.349696 33.887008
0.999993 -0.000070 0.003686 0.000073 1.000000 -0.000698 -0.003686 0.000699 0.999993 -1.703469 1.301768 34.119444
0.998802 -0.000028 -0.048946 0.000008 1.000000 -0.000418 0.048946 0.000417 0.998802 -1.473930 1.151419 34.603269
0.995690 0.000009 0.092745 0.000018 1.000000 -0.000285 -0.092745 0.000286 0.995690 -0.503396 1.089153 35.561036
0.983073 0.000175 0.183216 0.000031 0.999999 -0.001121 -0.183216 0.001108 0.983072 -1.643558 1.288766 36.274319
0.978136 -0.000110 0.207966 0.000353 0.999999 -0.001135 -0.207966 0.001184 0.978135 -1.375934 1.437036 36.215250
0.985098 0.000040 0.171994 0.000118 1.000000 -0.000909 -0.171994 0.000916 0.985098 -1.681845 1.208584 36.111694
