0.999971 0.000019 0.007617 -0.000017 1.000000 -0.000193 -0.007617 0.000193 0.999971 -1.120549 0.821173 38.781881
0.998886 -0.000040 -0.047183 -0.000005 1.000000 -0.000946 0.047183 0.000945 0.998886 -1.074470 0.872544 38.837947
0.998904 -0.000040 -0.046804 -0.000004 1.000000 -0.000937 0.046804 0.000937 0.998904 -1.064629 0.862270 38.928828
0.999986 0.000027 0.005247 -0.000027 1.000000 -0.000122 -0.005247 0.000121 0.999986 -0.964851 0.966285 36.329842
0.999990 0.000035 -0.004375 -0.000037 1.000000 -0.000361 0.004375 0.000361 0.999990 -0.997000 0.952066 39.149581
0.998900 0.000116 0.046895 -0.000083 1.000000 -0.000699 -0.046895 0.000694 0.998900 -0.951288 0.937719 39.212106
0.995989 0.000132 0.089469 -0.000095 1.000000 -0.000418 -0.089469 0.000407 0.995989 -1.171395 0.839031 38.806261
0.999826 0.000028 0.018697 -0.000021 1.000000 -0.000390 -0.018697 0.000389 0.999825 -0.982188 0.818412 38.613511
0.999758 -0.000032 -0.021997 0.000019 1.000000 -0.000579 0.021997 0.000578 0.999757 -1.006182 0.931498 37.542014
0.999861 0.000009 -0.016650 -0.000019 1.000000 -0.000571 0.016650 0.000572 0.999861 -0.891742 1.020280 36.541464
0.999888 0.000026 -0.014979 -0.000035 1.000000 -0.000604 0.014979 0.000605 0.999888 -0.860122 1.126883 35.596281
0.999906 -0.000042 -0.013658 0.000031 1.000000 -0.000792 0.013658 0.000792 0.999906 -0.859196 1.158645 35.425094
0.996105 0.000279 0.088178 -0.000171 0.999999 -0.001232 -0.088178 0.001212 0.996104 -1.514068 1.140175 35.151067
0.999914 0.000021 -0.013164 -0.000028 1.000000 -0.000556 0.013164 0.000556 0.999914 -0.808356 0.986303 35.082042
0.997882 0.000034 -0.065062 -0.000081 1.000000 -0.000726 0.065062 0.000729 0.997881 -1.361374 0.997067 35.634333
0.988682 0.000098 -0.150028 -0.000283 0.999999 -0.001215 0.150028 0.001244 0.988681 -1.843450 1.043088 36.007178
0.999034 0.000074 -0.043948 -0.000091 1.000000 -0.000378 0.043948 0.000382 0.999034 -1.607135 0.999483 36.117850
0.999676 0.000010 -0.025421 -0.000025 1.000000 -0.000617 0.025421 0.000618 0.999676 -0.893295 0.807821 35.938658
1.000000 -0.000032 -0.000774 0.000031 1.000000 -0.000921 0.000774 0.000921 0.999999 -0.767528 0.961324 35.751844
0.999968 -0.000007 0.007946 0.000015 1.000000 -0.000983 -0.007946 0.000983 0.999968 -0.730658 1.004015 35.553539
0.999743 0.000006 -0.022644 -0.000015 1.000000 -0.000423 0.022644 0.000424 0.999743 -0.789865 0.922964 35.343567
0.999938 -0.000039 -0.011142 0.000033 1.000000 -0.000485 0.011142 0.000485 0.999938 -0.964916 0.788341 35.515058
0.999983 0.000010 0.005885 -0.000006 1.000000 -0.000712 -0.005885 0.000712 0.999982 -0.794243 1.104098 35.688322
0.999922 0.000298 0.012483 -0.000294 1.000000 -0.000284 -0.012484 0.000280 0.999922 -1.225743 0.954723 35.860831
0.990699 0.000177 -0.136068 -0.000210 1.000000 -0.000227 0.136068 0.000254 0.990699 -1.907408 0.905921 35.734144
0.991763 -0.000179 -0.128084 0.000076 1.000000 -0.000802 0.128084 0.000786 0.991763 -1.097796 0.910669 35.945506
0.997916 -0.000061 -0.064534 0.000041 1.000000 -0.000315 0.064534 0.000312 0.997916 -0.961609 0.877608 35.305050
1.000000 0.000006 0.000288 -0.000006 1.000000 -0.000363 -0.000288 0.000363 1.000000 -0.786089 0.748557 29.015200
0.999964 0.000042 0.008508 -0.000038 1.000000 -0.000430 -0.008508 0.000430 0.999964 -0.891751 0.780861 36.125889
0.998944 -0.000007 -0.045943 -0.000009 1.000000 -0.000351 0.045943 0.000352 0.998944 -0.895853 0.895442 36.044889
0.999425 -0.000005 -0.033928 -0.000013 1.000000 -0.000538 0.033928 0.000538 0.999424 -0.860931 0.854281 35.493350
0.999469 -0.000018 -0.032604 -0.000001 1.000000 -0.000603 0.032604 0.000602 0.999469 -0.945806 0.552151 35.776128
0.999984 -0.000042 -0.005646 0.000039 1.000000 -0.000433 0.005646 0.000433 0.999984 -1.002429 0.581194 35.547419
0.999873 0.000036 -0.015890 -0.000043 1.000000 -0.000408 0.015890 0.000409 0.999873 -1.027079 0.648394 35.287903
0.999392 -0.000053 -0.034856 0.000024 1.000000 -0.000842 0.034856 0.000841 0.999392 -0.898600 0.953323 31.970350
0.999944 0.000086 0.010515 -0.000078 1.000000 -0.000737 -0.010515 0.000736 0.999944 -0.971030 0.923409 34.800408
0.999394 0.000161 0.034809 -0.000137 1.000000 -0.000679 -0.034809 0.000674 0.999393 -0.946708 0.855505 34.700094
0.999969 0.000138 0.007985 -0.000135 1.000000 -0.000347 -0.007985 0.000346 0.999969 -0.906694 0.690422 34.608864
0.999974 0.000065 -0.007260 -0.000069 1.000000 -0.000530 0.007259 0.000530 0.999974 -0.871962 0.561934 34.507014
0.999806 0.000135 0.019694 -0.000118 1.000000 -0.000868 -0.019694 0.000866 0.999806 -0.811904 0.927803 34.416803
0.999282 0.000073 -0.037888 -0.000085 1.000000 -0.000309 0.037888 0.000312 0.999282 -0.924159 0.630103 34.283100
0.998899 0.000168 -0.046906 -0.000183 1.000000 -0.000314 0.046905 0.000322 0.998899 -1.058720 1.082601 33.891592
0.999998 0.000107 -0.001951 -0.000108 1.000000 -0.000462 0.001951 0.000462 0.999998 -0.908661 0.873837 33.562975
0.999569 0.000056 0.029345 -0.000040 1.000000 -0.000548 -0.029345 0.000547 0.999569 -0.781989 0.657906 33.192836
0.999983 0.000083 0.005782 -0.000080 1.000000 -0.000517 -0.005782 0.000517 0.999983 -0.676435 0.802725 32.616997
0.999989 0.000124 0.004600 -0.000121 1.000000 -0.000563 -0.004600 0.000563 0.999989 -0.614192 0.972001 32.483603
0.999938 0.000178 0.011174 -0.000170 1.000000 -0.000693 -0.011175 0.000691 0.999938 -0.699319 0.956151 32.049667
0.999970 0.000061 -0.007646 -0.000063 1.000000 -0.000204 0.007646 0.000205 0.999970 -0.677385 0.964866 31.623906
0.999419 0.000182 0.034075 -0.000157 1.000000 -0.000741 -0.034075 0.000736 0.999419 -0.580860 0.791426 31.203694
0.999906 -0.000017 0.013739 0.000032 0.999999 -0.001070 -0.013739 0.001071 0.999905 -0.573256 1.004906 30.694058
0.999704 0.000033 0.024312 -0.000012 1.000000 -0.000873 -0.024312 0.000872 0.999704 -0.443503 1.122830 31.631806
0.994141 0.000100 -0.108088 -0.000158 1.000000 -0.000532 0.108088 0.000546 0.994141 -0.738663 1.143059 31.335311
0.979020 0.000319 -0.203763 -0.000325 1.000000 0.000004 0.203763 0.000062 0.979020 -1.082554 0.996443 30.159631
0.995114 0.000083 -0.098733 -0.000073 1.000000 0.000111 0.098733 -0.000103 0.995114 -0.659116 1.140939 29.719278
0.999980 -0.000012 -0.006337 0.000014 1.000000 0.000188 0.006337 -0.000188 0.999980 -0.438532 1.043174 24.449647
0.999999 0.000326 -0.001275 -0.000327 1.000000 -0.000655 0.001275 0.000655 0.999999 -0.546823 0.852823 26.683306
0.999287 0.000018 -0.037763 -0.000027 1.000000 -0.000248 0.037763 0.000249 0.999287 -0.416980 0.937335 24.792056
0.999997 0.000049 0.002544 -0.000049 1.000000 -0.000307 -0.002544 0.000307 0.999997 -0.341447 1.006973 25.444933
0.998850 0.000047 -0.047955 -0.000051 1.000000 -0.000083 0.047955 0.000086 0.998850 -0.503188 0.885895 30.991181
0.999664 -0.000066 -0.025937 0.000057 1.000000 -0.000357 0.025937 0.000356 0.999664 -0.365329 0.869205 29.843731
0.999965 0.000031 -0.008353 -0.000036 1.000000 -0.000596 0.008353 0.000596 0.999965 -0.279005 0.875264 24.275286
0.999993 0.000098 -0.003814 -0.000101 1.000000 -0.000994 0.003814 0.000995 0.999993 -0.250319 0.859344 24.695339
0.999999 -0.000005 -0.001880 0.000003 1.000000 -0.000771 0.001880 0.000771 0.999998 -0.208578 0.872507 25.973994
0.999994 0.000055 0.003369 -0.000055 1.000000 -0.000236 -0.003369 0.000236 0.999994 -0.195150 0.819626 25.548989
0.999991 0.000050 0.004220 -0.000049 1.000000 -0.000214 -0.004220 0.000214 0.999991 -0.173060 0.970396 24.824722
0.999657 0.000040 -0.026183 -0.000054 1.000000 -0.000533 0.026183 0.000534 0.999657 -0.194156 0.976584 26.610639
0.999922 0.000143 0.012506 -0.000140 1.000000 -0.000299 -0.012506 0.000297 0.999922 -0.135625 0.936606 24.875786
0.999956 0.000100 0.009395 -0.000095 1.000000 -0.000503 -0.009395 0.000502 0.999956 -0.102477 0.959789 25.645861
0.999999 0.000065 -0.000559 -0.000066 1.000000 -0.000698 0.000559 0.000698 0.999999 -0.021474 1.038624 27.693036
0.999868 0.000062 0.016242 -0.000059 1.000000 -0.000184 -0.016242 0.000183 0.999868 -0.040513 1.035662 26.162719
0.999996 -0.000002 0.002707 0.000000 1.000000 0.000404 -0.002707 -0.000404 0.999996 -0.146298 0.928356 22.361039
0.998833 0.000007 -0.048298 -0.000033 1.000000 -0.000537 0.048298 0.000538 0.998833 -0.099678 0.854615 29.501733
1.000000 0.000055 -0.000317 -0.000055 1.000000 -0.000126 0.000317 0.000126 1.000000 -0.040846 0.896639 26.728575
0.999999 0.000055 0.001601 -0.000055 1.000000 -0.000094 -0.001601 0.000094 0.999999 -0.020756 1.022354 26.772400
0.999904 0.000112 -0.013810 -0.000114 1.000000 -0.000111 0.013810 0.000112 0.999904 -0.001704 0.969653 28.811997
0.999481 0.000103 -0.032217 -0.000100 1.000000 0.000098 0.032217 -0.000095 0.999481 -0.053101 0.842511 29.228453
0.999539 0.000458 0.030339 -0.000441 1.000000 -0.000583 -0.030340 0.000570 0.999539 -0.816712 0.970098 29.806472
0.998842 -0.000033 -0.048114 -0.000008 1.000000 -0.000854 0.048114 0.000853 0.998841 -0.038327 0.966885 27.426458
0.999719 -0.000037 -0.023721 0.000012 0.999999 -0.001055 0.023721 0.001055 0.999719 0.010485 0.968348 26.018086
1.000000 -0.000078 0.000814 0.000079 1.000000 -0.000325 -0.000814 0.000325 0.999999 -0.013587 1.063309 23.476011
0.999638 0.000121 0.026894 -0.000124 1.000000 0.000107 -0.026894 -0.000110 0.999638 -0.028319 1.026087 25.274750
0.998908 0.000320 0.046726 -0.000275 0.999999 -0.000966 -0.046726 0.000952 0.998907 -0.051921 0.815965 23.732950
0.999688 -0.000021 -0.024959 0.000008 1.000000 -0.000516 0.024959 0.000515 0.999688 0.029066 0.936494 29.443592
0.999936 0.000007 0.011328 -0.000001 1.000000 -0.000570 -0.011328 0.000570 0.999935 0.037328 0.972321 24.659458
0.999897 -0.000006 0.014379 0.000007 1.000000 -0.000057 -0.014379 0.000057 0.999897 0.096217 1.012239 26.013028
0.999989 0.000027 -0.004622 -0.000030 1.000000 -0.000671 0.004622 0.000671 0.999989 -0.006608 1.014230 24.890228
0.999981 0.000033 -0.006030 -0.000038 1.000000 -0.000737 0.006030 0.000737 0.999981 0.003337 0.952416 24.978019
0.999333 -0.000013 -0.036510 -0.000025 0.999999 -0.001022 0.036510 0.001022 0.999332 -0.021945 1.021544 26.364539
0.999999 0.000061 -0.001260 -0.000062 1.000000 -0.000314 0.001260 0.000314 0.999999 0.045496 1.053123 24.797244
0.999701 0.000233 0.024442 -0.000213 1.000000 -0.000842 -0.024442 0.000836 0.999701 0.276975 1.225221 29.534117
0.999923 0.000240 -0.012381 -0.000243 1.000000 -0.000253 0.012381 0.000256 0.999923 -0.036518 1.100614 25.380047
0.999999 0.000020 -0.000612 -0.000021 1.000000 -0.000602 0.000612 0.000602 0.999999 -0.018381 0.967851 22.812142
0.999788 0.000362 0.020585 -0.000353 1.000000 -0.000423 -0.020585 0.000415 0.999788 -0.121084 0.973472 22.728497
0.999970 -0.000038 -0.007821 0.000039 1.000000 0.000131 0.007821 -0.000131 0.999970 -0.091262 1.003030 21.721319
0.999977 -0.000053 -0.006765 0.000054 1.000000 0.000252 0.006765 -0.000252 0.999977 -0.091958 1.061389 22.290758
0.999809 -0.000148 -0.019559 0.000154 1.000000 0.000302 0.019559 -0.000305 0.999809 -0.130061 1.098973 22.526378
0.999982 -0.000054 -0.006001 0.000054 1.000000 0.000087 0.006001 -0.000087 0.999982 -0.136360 1.040592 22.495325
0.999996 -0.000030 0.003027 0.000031 1.000000 -0.000126 -0.003027 0.000126 0.999996 -0.170147 0.938930 21.673197
0.999971 -0.000032 0.007526 0.000030 1.000000 0.000137 -0.007526 -0.000137 0.999971 -0.181870 0.955207 21.589222
1.000000 -0.000025 -0.000693 0.000025 1.000000 0.000232 0.000693 -0.000232 1.000000 -0.213205 0.973492 22.014206
0.999992 0.000108 -0.004142 -0.000111 1.000000 -0.000608 0.004142 0.000609 0.999992 -0.230711 0.932823 22.801956
0.999981 0.000055 0.006239 -0.000053 1.000000 -0.000432 -0.006239 0.000431 0.999981 -0.239253 0.963726 22.329875
0.999891 -0.000022 0.014714 0.000023 1.000000 -0.000078 -0.014714 0.000078 0.999891 -0.266499 1.009992 21.441233
0.999596 0.000134 0.028401 -0.000139 1.000000 0.000188 -0.028401 -0.000192 0.999596 -0.215076 1.090746 22.929469
0.999993 0.000064 0.003608 -0.000065 1.000000 0.000335 -0.003608 -0.000335 0.999993 -0.252712 1.101297 24.808508
0.999531 0.000071 0.030622 -0.000081 1.000000 0.000346 -0.030622 -0.000348 0.999531 -0.311950 1.132128 26.161281
0.999748 0.000010 0.022460 -0.000025 1.000000 0.000653 -0.022460 -0.000653 0.999747 -0.348063 1.017386 22.519136
0.999999 0.000069 -0.001398 -0.000069 1.000000 0.000153 0.001399 -0.000153 0.999999 -0.379097 1.016791 22.535089
0.999955 0.000010 -0.009445 -0.000008 1.000000 0.000215 0.009445 -0.000215 0.999955 -0.416855 1.023428 22.709714
0.999899 0.000014 -0.014195 -0.000007 1.000000 0.000505 0.014195 -0.000505 0.999899 -0.452748 1.044925 22.140247
0.999833 0.000030 -0.018281 -0.000029 1.000000 0.000037 0.018281 -0.000036 0.999833 -0.507044 1.017676 22.079081
0.999789 0.000042 -0.020537 -0.000052 1.000000 -0.000519 0.020537 0.000520 0.999788 -0.560931 0.995447 21.352211
0.999598 -0.000004 -0.028356 0.000000 1.000000 -0.000131 0.028356 0.000131 0.999598 -0.622115 1.009445 20.752925
0.999692 0.000014 -0.024817 -0.000036 1.000000 -0.000880 0.024817 0.000881 0.999691 -0.686358 1.020397 22.239142
0.999627 -0.000094 -0.027309 0.000100 1.000000 0.000205 0.027309 -0.000208 0.999627 -0.710482 1.065459 20.613617
0.999935 0.000017 -0.011400 -0.000019 1.000000 -0.000201 0.011400 0.000201 0.999935 -0.741215 1.041676 21.312247
0.998621 0.000007 -0.052487 -0.000049 1.000000 -0.000803 0.052487 0.000804 0.998621 -0.826527 1.061558 21.547275
0.999453 0.000051 -0.033085 -0.000060 1.000000 -0.000269 0.033085 0.000271 0.999453 -0.885777 1.055491 22.338539
0.999209 0.000048 -0.039773 -0.000080 1.000000 -0.000794 0.039773 0.000797 0.999209 -0.932251 1.032044 22.942778
0.998458 0.000085 -0.055509 -0.000123 1.000000 -0.000685 0.055509 0.000690 0.998458 -1.011625 0.968852 23.805517
0.997849 0.000115 -0.065543 -0.000157 1.000000 -0.000640 0.065543 0.000649 0.997849 -1.048008 0.931449 23.913814
0.998919 0.000027 -0.046481 -0.000059 1.000000 -0.000703 0.046481 0.000705 0.998918 -0.902029 1.008270 21.126331
0.999522 0.000027 -0.030917 -0.000044 1.000000 -0.000549 0.030917 0.000550 0.999522 -0.875119 1.023340 21.502111
0.999032 0.000010 -0.043982 -0.000039 1.000000 -0.000648 0.043982 0.000649 0.999032 -0.858825 1.045022 21.901511
0.998032 0.000012 -0.062709 -0.000083 0.999999 -0.001118 0.062709 0.001120 0.998031 -0.872520 0.898259 21.939119
0.998538 0.000029 -0.054051 -0.000065 1.000000 -0.000674 0.054051 0.000677 0.998538 -0.808307 1.056475 22.372414
0.999072 0.000064 -0.043075 -0.000086 1.000000 -0.000514 0.043075 0.000517 0.999071 -0.775259 1.022851 21.089347
0.999664 0.000017 -0.025906 -0.000022 1.000000 -0.000165 0.025906 0.000166 0.999664 -0.726406 1.086557 21.173344
0.999090 0.000076 -0.042655 -0.000055 1.000000 0.000474 0.042655 -0.000471 0.999090 -0.760243 1.097449 21.273303
0.997764 -0.000007 -0.066832 0.000009 1.000000 0.000034 0.066832 -0.000034 0.997764 -0.806686 1.104612 21.321336
0.996472 0.000105 -0.083923 -0.000100 1.000000 0.000059 0.083923 -0.000050 0.996472 -0.887817 1.055341 25.429942
0.996702 -0.000084 -0.081157 0.000013 1.000000 -0.000877 0.081157 0.000873 0.996701 -0.820223 1.122579 21.998817
0.999795 -0.000020 -0.020247 0.000008 1.000000 -0.000563 0.020247 0.000563 0.999795 -0.707828 1.137585 21.729683
0.999041 0.000145 -0.043790 -0.000166 1.000000 -0.000459 0.043790 0.000466 0.999040 -0.970265 0.931158 26.374456
0.996409 0.000077 -0.084678 -0.000075 1.000000 0.000024 0.084678 -0.000018 0.996409 -1.015772 1.067814 26.270033
0.997325 0.000081 -0.073094 -0.000107 1.000000 -0.000354 0.073094 0.000361 0.997325 -0.935015 1.036980 26.232819
0.999933 0.000202 -0.011600 -0.000207 1.000000 -0.000443 0.011600 0.000446 0.999933 -0.917313 0.996513 26.227683
0.999153 0.000041 -0.041158 -0.000066 1.000000 -0.000593 0.041158 0.000595 0.999153 -0.815256 1.102988 22.306111
0.998966 0.000070 -0.045458 -0.000091 1.000000 -0.000450 0.045458 0.000453 0.998966 -0.832565 1.121445 22.615339
0.998961 0.000072 -0.045578 -0.000099 1.000000 -0.000597 0.045578 0.000601 0.998961 -0.862485 1.106684 22.498194
0.997672 -0.000022 -0.068194 -0.000032 1.000000 -0.000790 0.068194 0.000790 0.997672 -0.859157 1.126647 21.811806
0.996682 0.000109 -0.081392 -0.000130 1.000000 -0.000249 0.081392 0.000259 0.996682 -0.952711 1.082524 24.328164
0.996233 0.000096 -0.086727 -0.000106 1.000000 -0.000113 0.086727 0.000121 0.996233 -1.074686 1.006679 26.060897
0.998375 0.000157 -0.056981 -0.000162 1.000000 -0.000080 0.056981 0.000089 0.998375 -0.955279 1.084349 23.356586
0.997749 0.000112 -0.067050 -0.000136 1.000000 -0.000364 0.067050 0.000373 0.997749 -0.960385 1.078621 22.625989
0.997129 0.000005 -0.075724 -0.000064 1.000000 -0.000777 0.075724 0.000780 0.997128 -0.950966 1.069428 21.510186
0.999740 0.000051 -0.022812 -0.000067 1.000000 -0.000678 0.022812 0.000679 0.999740 -0.937106 1.110145 21.934067
0.999867 0.000012 -0.016300 -0.000013 1.000000 -0.000072 0.016300 0.000072 0.999867 -0.921281 1.089410 20.643933
0.999878 0.000153 -0.015633 -0.000153 1.000000 -0.000007 0.015633 0.000010 0.999878 -1.003735 1.110137 23.123839
0.999864 0.000087 -0.016457 -0.000090 1.000000 -0.000215 0.016457 0.000217 0.999864 -0.987414 1.091070 21.552169
0.999976 0.000121 -0.006896 -0.000120 1.000000 0.000172 0.006896 -0.000171 0.999976 -1.053251 1.076911 22.646806
0.997032 0.000182 -0.076993 -0.000200 1.000000 -0.000226 0.076993 0.000241 0.997032 -1.271544 0.951402 26.396281
0.999198 0.000091 -0.040055 -0.000088 1.000000 0.000092 0.040055 -0.000088 0.999198 -1.139841 1.093902 25.224544
0.999993 0.000017 -0.003903 -0.000016 1.000000 0.000429 0.003903 -0.000429 0.999993 -0.994514 1.153258 22.134783
0.999771 0.000036 -0.021373 -0.000025 1.000000 0.000494 0.021373 -0.000493 0.999771 -0.955144 1.160141 22.693614
0.999692 0.000051 -0.024823 -0.000052 1.000000 -0.000030 0.024823 0.000031 0.999692 -0.940804 1.163321 22.740022
0.999716 0.000018 -0.023832 -0.000031 1.000000 -0.000537 0.023832 0.000537 0.999716 -0.921042 1.182339 22.446019
0.999882 -0.000015 -0.015370 0.000016 1.000000 0.000060 0.015370 -0.000060 0.999882 -0.873853 1.161161 21.157128
0.999997 0.000128 0.002446 -0.000127 1.000000 -0.000056 -0.002446 0.000055 0.999997 -0.855475 1.318383 24.868525
0.999965 0.000110 -0.008329 -0.000113 1.000000 -0.000333 0.008329 0.000333 0.999965 -0.842197 1.234259 24.428208
0.999646 -0.000042 -0.026613 0.000044 1.000000 0.000065 0.026613 -0.000066 0.999646 -0.872098 1.202401 22.439067
0.999560 -0.000050 -0.029669 0.000030 1.000000 -0.000671 0.029669 0.000670 0.999559 -0.882704 1.188504 23.887189
0.999449 0.000006 -0.033174 -0.000043 0.999999 -0.001130 0.033174 0.001130 0.999449 -0.905156 1.219109 25.734844
0.999935 0.000067 -0.011426 -0.000075 1.000000 -0.000721 0.011426 0.000722 0.999934 -0.930475 1.202298 26.397228
0.999487 0.000021 -0.032026 -0.000051 1.000000 -0.000949 0.032026 0.000950 0.999487 -0.901489 1.260566 25.667117
0.999924 0.000027 -0.012328 -0.000038 1.000000 -0.000832 0.012328 0.000832 0.999923 -0.897840 1.204534 25.614631
0.999818 0.000019 -0.019065 -0.000026 1.000000 -0.000349 0.019065 0.000350 0.999818 -0.864216 1.263970 26.129328
0.999927 0.000037 0.012128 -0.000028 1.000000 -0.000734 -0.012128 0.000734 0.999926 -0.865573 1.175280 27.093142
0.999883 0.000137 0.015288 -0.000131 1.000000 -0.000393 -0.015288 0.000391 0.999883 -0.930806 1.076634 27.179014
0.971225 -0.000261 -0.238164 -0.000115 0.999999 -0.001567 0.238164 0.001550 0.971224 -1.468653 1.284342 26.594464
0.999753 -0.000018 -0.022225 0.000014 1.000000 -0.000186 0.022225 0.000186 0.999753 -0.781133 1.319981 26.230467
0.999961 0.000009 0.008862 -0.000011 1.000000 0.000228 -0.008862 -0.000228 0.999961 -0.740829 1.332452 26.214925
0.998691 0.000188 0.051155 -0.000158 1.000000 -0.000602 -0.051156 0.000593 0.998691 -0.839230 1.145264 25.619403
0.999468 0.000127 0.032613 -0.000112 1.000000 -0.000466 -0.032613 0.000462 0.999468 -0.777852 1.221591 27.956453
0.999957 0.000051 -0.009245 -0.000052 1.000000 -0.000203 0.009245 0.000203 0.999957 -0.723707 1.211679 27.987778
0.999601 0.000071 -0.028221 -0.000075 1.000000 -0.000135 0.028221 0.000137 0.999601 -0.737311 1.222826 28.013283
0.999985 0.000083 -0.005578 -0.000087 1.000000 -0.000748 0.005578 0.000748 0.999984 -0.775448 1.063780 28.073094
0.999979 0.000017 -0.006526 -0.000020 1.000000 -0.000438 0.006526 0.000438 0.999979 -0.565652 1.278268 25.731736
0.999891 0.000335 -0.014772 -0.000335 1.000000 -0.000017 0.014772 0.000022 0.999891 -0.846647 1.209211 28.430306
0.999730 0.000139 -0.023246 -0.000140 1.000000 -0.000054 0.023246 0.000057 0.999730 -0.703410 1.223034 28.754900
0.999408 0.000010 -0.034410 -0.000015 1.000000 -0.000147 0.034410 0.000148 0.999408 -0.589054 1.249155 29.084117
0.999828 0.000021 0.018550 -0.000009 1.000000 -0.000664 -0.018550 0.000664 0.999828 -0.487251 1.162197 29.463450
0.988959 0.000145 -0.148194 -0.000397 0.999999 -0.001668 0.148193 0.001708 0.988957 -1.444850 1.140536 29.515847
0.999961 0.000013 -0.008746 -0.000014 1.000000 -0.000080 0.008746 0.000080 0.999961 -0.454759 1.210555 28.848125
0.999461 0.000025 -0.032837 -0.000036 1.000000 -0.000351 0.032837 0.000352 0.999461 -0.526436 1.062235 29.913867
0.999995 0.000000 0.003147 0.000003 0.999999 -0.001141 -0.003147 0.001141 0.999994 -0.432379 1.254384 29.995867
0.990142 0.000218 0.140073 -0.000055 0.999999 -0.001170 -0.140073 0.001151 0.990141 -0.973216 0.905451 29.863158
0.998291 -0.000026 0.058446 0.000122 0.999999 -0.001626 -0.058445 0.001631 0.998289 -1.300319 0.995030 30.085189
0.998996 -0.000087 -0.044797 0.000055 1.000000 -0.000701 0.044798 0.000698 0.998996 -1.746399 1.067749 29.951064
0.999980 -0.000009 -0.006328 -0.000001 0.999999 -0.001475 0.006328 0.001475 0.999978 -0.940991 1.183209 29.860125
0.999976 -0.000014 0.006910 0.000021 0.999999 -0.001062 -0.006910 0.001062 0.999975 -0.212203 1.226900 29.741844
0.998324 -0.000124 -0.057870 -0.000014 0.999997 -0.002381 0.057870 0.002378 0.998322 -0.034742 1.218789 29.579242
0.996823 0.000064 0.079649 0.000002 1.000000 -0.000818 -0.079649 0.000816 0.996822 -0.301007 1.355273 29.773522
0.999890 0.000033 0.014821 -0.000028 1.000000 -0.000335 -0.014821 0.000334 0.999890 -0.099223 1.297055 28.797747
0.988149 0.000509 0.153501 -0.000446 1.000000 -0.000444 -0.153501 0.000371 0.988149 -0.582094 1.169239 29.502839
0.994799 0.000575 0.101853 -0.000531 1.000000 -0.000454 -0.101853 0.000398 0.994799 -0.483716 1.221917 29.453433
0.999827 -0.000022 0.018626 0.000018 1.000000 0.000186 -0.018626 -0.000185 0.999826 -0.047347 1.345670 28.459464
0.999985 0.000029 0.005613 -0.000023 0.999999 -0.001089 -0.005613 0.001089 0.999984 -0.000137 1.303576 30.533225
0.999415 0.000054 0.034189 -0.000016 0.999999 -0.001116 -0.034189 0.001115 0.999415 -0.607011 1.327956 30.360347
0.999895 0.000618 0.014450 -0.000578 0.999996 -0.002808 -0.014451 0.002800 0.999891 -0.898308 1.461956 30.609822
0.999624 0.000200 -0.027406 -0.000260 0.999998 -0.002167 0.027405 0.002173 0.999622 -1.222029 1.069050 30.278097
0.999633 0.000020 0.027086 0.000044 0.999997 -0.002345 -0.027086 0.002345 0.999630 -0.499353 1.176777 30.942844
0.999739 0.000025 0.022847 -0.000026 1.000000 0.000030 -0.022847 -0.000030 0.999739 -0.000054 1.245491 31.164725
0.999994 0.000035 0.003278 -0.000035 1.000000 -0.000149 -0.003278 0.000148 0.999994 -0.027154 1.201099 31.744125
0.999988 0.000102 -0.004861 -0.000104 1.000000 -0.000331 0.004861 0.000332 0.999988 0.032634 1.269365 32.280744
0.999869 0.000014 -0.016174 -0.000023 1.000000 -0.000560 0.016174 0.000560 0.999869 -0.022544 1.144525 32.603894
0.999977 0.000006 -0.006754 -0.000009 1.000000 -0.000520 0.006754 0.000520 0.999977 -0.031701 1.099638 32.016689
0.999730 0.000049 0.023250 -0.000031 1.000000 -0.000745 -0.023250 0.000744 0.999730 -0.197186 1.121495 34.429183
0.997354 0.000384 0.072697 -0.000293 0.999999 -0.001258 -0.072698 0.001234 0.997353 0.332327 1.287808 33.469044
0.999293 0.000063 0.037574 -0.000015 0.999999 -0.001273 -0.037574 0.001271 0.999293 -0.197209 1.138682 32.492369
0.999822 0.000112 0.018866 -0.000098 1.000000 -0.000712 -0.018866 0.000710 0.999822 -0.101035 1.042822 31.550097
0.998765 0.000281 0.049684 -0.000240 1.000000 -0.000839 -0.049684 0.000826 0.998765 -0.169832 1.185107 31.158194
0.999403 0.000477 0.034556 -0.000434 0.999999 -0.001257 -0.034557 0.001242 0.999402 -0.026869 1.260306 32.171233
0.999176 0.000169 0.040586 -0.000153 1.000000 -0.000399 -0.040586 0.000392 0.999176 -0.090103 1.249100 33.003314
0.999946 0.000032 0.010359 -0.000031 1.000000 -0.000025 -0.010359 0.000024 0.999946 -0.048987 1.195532 31.120306
0.983106 0.000028 -0.183039 -0.000086 1.000000 -0.000311 0.183039 0.000322 0.983106 -0.761252 0.955703 32.665100
0.986701 -0.000125 -0.162545 -0.000360 0.999996 -0.002958 0.162545 0.002977 0.986697 -1.010473 1.075680 32.770953
0.999857 0.000092 0.016937 -0.000084 1.000000 -0.000502 -0.016937 0.000500 0.999857 -0.067959 1.047084 32.447650
0.998202 -0.000027 -0.059940 -0.000039 0.999999 -0.001096 0.059940 0.001096 0.998202 -1.318149 1.082420 31.947275
0.998975 0.000115 0.045274 -0.000068 0.999999 -0.001046 -0.045274 0.001042 0.998974 -0.062427 1.066291 31.531164
0.999596 0.000200 0.028416 -0.000148 0.999998 -0.001822 -0.028416 0.001817 0.999595 -1.032890 1.178638 31.503475
0.992545 0.000432 0.121879 -0.000319 0.999999 -0.000950 -0.121879 0.000904 0.992545 -0.800269 1.194141 31.273733
0.995027 0.000743 0.099597 -0.000510 0.999997 -0.002364 -0.099599 0.002302 0.995025 -0.745924 1.439677 31.291603
0.999076 0.000051 0.042979 -0.000029 1.000000 -0.000504 -0.042979 0.000502 0.999076 -0.049113 1.092522 31.815875
0.999997 -0.000023 -0.002570 0.000019 0.999999 -0.001466 0.002570 0.001466 0.999996 -0.610164 1.061820 32.275236
0.998921 0.000011 -0.046452 -0.000083 0.999999 -0.001537 0.046452 0.001540 0.998920 -1.233558 1.050650 32.694064
0.999863 0.000035 0.016517 -0.000028 1.000000 -0.000441 -0.016517 0.000440 0.999863 0.060328 1.215617 33.164136
0.999505 0.000100 0.031476 -0.000064 0.999999 -0.001154 -0.031477 0.001152 0.999504 -1.209121 1.057644 33.622667
0.999940 0.000023 0.011004 -0.000011 0.999999 -0.001086 -0.011004 0.001086 0.999939 -0.022680 1.206464 33.251472
0.999780 0.000015 0.021015 -0.000009 1.000000 -0.000312 -0.021015 0.000312 0.999780 0.005832 1.259550 32.878353
0.999073 0.000254 0.043049 -0.000211 0.999999 -0.001022 -0.043050 0.001012 0.999073 -0.887332 0.949920 32.963333
0.999634 0.000030 0.027068 -0.000021 1.000000 -0.000363 -0.027068 0.000363 0.999633 -0.073102 1.203438 33.067647
0.999961 0.000025 0.008780 -0.000018 1.000000 -0.000765 -0.008780 0.000764 0.999961 -0.133863 1.258676 33.160192
0.999998 -0.000043 0.001980 0.000045 0.999999 -0.001063 -0.001980 0.001063 0.999997 -1.498446 1.076031 33.412344
0.999864 -0.000004 0.016458 0.000014 1.000000 -0.000609 -0.016458 0.000609 0.999864 -0.193473 1.212937 33.677175
0.999637 0.000020 0.026939 -0.000010 1.000000 -0.000370 -0.026939 0.000370 0.999637 -0.245714 1.145835 33.941336
0.999842 -0.000001 0.017773 0.000015 1.000000 -0.000772 -0.017773 0.000772 0.999842 -0.309395 1.093243 34.206128
0.999757 0.000033 0.022046 -0.000011 1.000000 -0.000970 -0.022046 0.000969 0.999756 -0.375991 1.061947 34.477067
0.999874 0.000030 0.015845 -0.000021 1.000000 -0.000596 -0.015845 0.000596 0.999874 -0.350551 1.119651 34.640917
0.999992 0.000015 0.004107 -0.000012 1.000000 -0.000871 -0.004107 0.000871 0.999991 -0.320638 1.211773 34.804014
1.000000 0.000013 0.000584 -0.000012 1.000000 -0.000833 -0.000584 0.000833 1.000000 -0.378758 1.253174 34.971169
