0.999971 0.000019 0.007617 -0.000017 1.000000 -0.000193 -0.007617 0.000193 0.999971 -1.117104 0.818753 39.234014
0.998886 -0.000040 -0.047183 -0.000005 1.000000 -0.000946 0.047183 0.000945 0.998886 -1.095804 0.869784 39.289614
0.988399 0.000022 -0.151876 -0.000069 1.000000 -0.000305 0.151876 0.000312 0.988399 -2.112054 0.812688 39.039336
0.999986 0.000027 0.005247 -0.000027 1.000000 -0.000122 -0.005247 0.000121 0.999986 -0.962478 0.963898 36.782000
0.999990 0.000035 -0.004375 -0.000037 1.000000 -0.000361 0.004375 0.000361 0.999990 -0.998979 0.949569 39.601742
0.996688 0.000358 0.081314 -0.000314 1.000000 -0.000552 -0.081314 0.000524 0.996688 -1.374019 0.904471 39.592494
0.995329 0.000204 0.096541 -0.000143 1.000000 -0.000643 -0.096541 0.000626 0.995329 -0.900515 0.945255 39.235706
0.999826 0.000028 0.018697 -0.000021 1.000000 -0.000390 -0.018697 0.000389 0.999825 -0.973734 0.815903 39.065589
0.999758 -0.000032 -0.021997 0.000019 1.000000 -0.000579 0.021997 0.000578 0.999757 -1.016128 0.928904 37.994061
0.999861 0.000009 -0.016650 -0.000019 1.000000 -0.000571 0.016650 0.000572 0.999861 -0.899271 1.017689 36.993544
0.999888 0.000026 -0.014979 -0.000035 1.000000 -0.000604 0.014979 0.000605 0.999888 -0.866894 1.124277 36.048381
0.999906 -0.000042 -0.013658 0.000031 1.000000 -0.000792 0.013658 0.000792 0.999906 -0.865370 1.155953 35.877206
0.996105 0.000279 0.088178 -0.000171 0.999999 -0.001232 -0.088178 0.001212 0.996104 -1.474199 1.137284 35.601453
0.999914 0.000021 -0.013164 -0.000028 1.000000 -0.000556 0.013164 0.000556 0.999914 -0.814307 0.983719 35.534150
0.995125 0.000205 -0.098617 -0.000214 1.000000 -0.000081 0.098617 0.000102 0.995125 -1.214842 1.215243 35.901019
0.988682 0.000098 -0.150028 -0.000283 0.999999 -0.001215 0.150028 0.001244 0.988681 -1.911286 1.040207 36.454208
0.999034 0.000074 -0.043948 -0.000091 1.000000 -0.000378 0.043948 0.000382 0.999034 -1.627006 0.996978 36.569572
0.999676 0.000010 -0.025421 -0.000025 1.000000 -0.000617 0.025421 0.000618 0.999676 -0.904789 0.805208 36.390650
1.000000 -0.000032 -0.000774 0.000031 1.000000 -0.000921 0.000774 0.000921 0.999999 -0.767877 0.958575 36.204006
0.999968 -0.000007 0.007946 0.000015 1.000000 -0.000983 -0.007946 0.000983 0.999968 -0.727064 1.001237 36.005683
0.999743 0.000006 -0.022644 -0.000015 1.000000 -0.000423 0.022644 0.000424 0.999743 -0.800103 0.920440 35.795603
0.999938 -0.000039 -0.011142 0.000033 1.000000 -0.000485 0.011142 0.000485 0.999938 -0.969954 0.785789 35.967192
0.999983 0.000010 0.005885 -0.000006 1.000000 -0.000712 -0.005885 0.000712 0.999982 -0.791582 1.101442 36.140475
0.999922 0.000298 0.012483 -0.000294 1.000000 -0.000284 -0.012484 0.000280 0.999922 -1.220098 0.952261 36.312956
0.990699 0.000177 -0.136068 -0.000210 1.000000 -0.000227 0.136068 0.000254 0.990699 -1.968933 0.903485 36.182097
0.991763 -0.000179 -0.128084 0.000076 1.000000 -0.000802 0.128084 0.000786 0.991763 -1.155710 0.907973 36.393947
1.000000 0.000003 0.001033 -0.000003 1.000000 -0.000416 -0.001033 0.000416 0.999999 -1.780141 0.667313 36.641150
1.000000 0.000006 0.000288 -0.000006 1.000000 -0.000363 -0.000288 0.000363 1.000000 -0.785959 0.746060 29.467364
0.998382 0.000052 -0.056873 -0.000062 1.000000 -0.000165 0.056873 0.000169 0.998382 -0.964153 0.908602 35.139181
0.999982 -0.000015 -0.006088 0.000011 1.000000 -0.000669 0.006088 0.000669 0.999982 -0.997866 0.599573 36.541081
0.999425 -0.000005 -0.033928 -0.000013 1.000000 -0.000538 0.033928 0.000538 0.999424 -0.876272 0.851704 35.945250
