0.999971 0.000019 0.007617 -0.000017 1.000000 -0.000193 -0.007617 0.000193 0.999971 -1.112106 0.851749 39.890147
0.998886 -0.000040 -0.047183 -0.000005 1.000000 -0.000946 0.047183 0.000945 0.998886 -1.126764 0.902285 39.945050
0.988399 0.000022 -0.151876 -0.000069 1.000000 -0.000305 0.151876 0.000312 0.988399 -2.211707 0.845609 39.687886
0.999986 0.000027 0.005247 -0.000027 1.000000 -0.000122 -0.005247 0.000121 0.999986 -0.959034 0.996940 37.438139
0.999990 0.000035 -0.004375 -0.000037 1.000000 -0.000361 0.004375 0.000361 0.999990 -1.001848 0.982455 40.257889
0.996688 0.000358 0.081314 -0.000314 1.000000 -0.000552 -0.081314 0.000524 0.996688 -1.320654 0.937231 40.246472
