-0.998733 -0.000003 0.050323 -0.000002 1.000000 0.000018 -0.050323 0.000018 -0.998733 -4.766676 1.250305 54.112931
-0.998112 0.000011 0.061418 0.000015 1.000000 0.000056 -0.061418 0.000056 -0.998112 -4.738492 1.248527 52.677758
-0.997992 0.000036 0.063351 0.000036 1.000000 0.000006 -0.063351 0.000008 -0.997992 -4.696491 2.019613 51.273694
-0.999348 0.000004 0.036122 0.000009 1.000000 0.000126 -0.036122 0.000127 -0.999348 -4.538980 1.183529 49.999681
-0.999646 0.000008 0.026594 0.000010 1.000000 0.000076 -0.026594 0.000076 -0.999646 -4.536861 1.222835 48.635414
-0.999171 0.000012 0.040703 0.000014 1.000000 0.000049 -0.040703 0.000050 -0.999171 -4.470676 1.294064 47.165581
-0.999351 0.000034 0.036020 0.000037 1.000000 0.000073 -0.036020 0.000074 -0.999351 -4.447624 1.244030 46.776997
-0.999657 0.000015 0.026206 0.000017 1.000000 0.000061 -0.026206 0.000061 -0.999657 -4.504250 1.233099 46.382944
-0.999970 0.000014 0.007759 0.000014 1.000000 0.000037 -0.007759 0.000037 -0.999970 -4.530131 1.285401 45.988350
-0.999898 0.000010 0.014237 0.000010 1.000000 0.000005 -0.014237 0.000005 -0.999898 -4.522143 1.246333 44.272667
-0.999978 0.000012 -0.006588 0.000012 1.000000 0.000002 0.006588 0.000002 -0.999978 -4.423232 1.237494 42.647897
-0.999900 0.000013 0.014159 0.000014 1.000000 0.000040 -0.014159 0.000040 -0.999900 -4.308326 1.238853 40.879814
-0.999988 0.000002 -0.004932 0.000002 1.000000 0.000049 0.004932 0.000049 -0.999988 -4.443136 1.195711 39.864150
-0.999389 -0.000009 -0.034972 -0.000010 1.000000 0.000048 0.034972 0.000048 -0.999389 -4.591584 1.167636 38.821239
-0.999837 0.000006 -0.018079 0.000008 1.000000 -0.000076 0.018079 -0.000076 -0.999837 -4.640111 1.238237 37.603206
-0.999999 0.000013 -0.001230 0.000013 1.000000 -0.000022 0.001230 -0.000022 -0.999999 -4.686731 1.171111 36.320617
-0.999953 0.000022 -0.009735 0.000023 1.000000 -0.000052 0.009735 -0.000052 -0.999953 -4.763275 1.168450 35.065892
-0.999986 0.000032 0.005298 0.000032 1.000000 -0.000058 -0.005298 -0.000058 -0.999986 -4.787835 1.202875 33.166467
-0.998019 -0.000014 -0.062909 -0.000010 1.000000 -0.000053 0.062909 -0.000052 -0.998019 -5.025256 1.255059 31.480636
-0.999999 0.000032 -0.001415 0.000032 1.000000 -0.000041 0.001415 -0.000041 -0.999999 -4.900770 1.287899 29.402542
-0.999993 0.000038 -0.003766 0.000038 1.000000 -0.000016 0.003766 -0.000016 -0.999993 -5.013068 1.339015 27.466133
-0.999998 0.000043 -0.002273 0.000043 1.000000 -0.000024 0.002273 -0.000024 -0.999998 -5.134208 1.386973 25.482392
-0.999993 0.000043 -0.003767 0.000043 1.000000 -0.000015 0.003767 -0.000015 -0.999993 -5.061411 1.420132 22.292194
-0.999990 0.000054 -0.004456 0.000054 1.000000 0.000065 0.004456 0.000065 -0.999990 -4.768981 1.378214 18.151600
-0.999973 0.000267 0.007457 0.000265 1.000000 -0.000371 -0.007457 -0.000369 -0.999972 -4.773452 1.386119 15.382694
-0.999850 0.000108 -0.017307 0.000108 1.000000 0.000007 0.017307 0.000005 -0.999850 -4.706522 1.384080 12.413181
-0.999983 0.000243 -0.005788 0.000245 1.000000 -0.000435 0.005788 -0.000436 -0.999983 -4.604145 1.349828 9.210570
