-0.988077 -0.000006 -0.153959 -0.000036 1.000000 0.000187 0.153959 0.000190 -0.988077 -3.831237 1.238091 48.417883
-0.989761 0.000007 -0.142738 -0.000016 1.000000 0.000161 0.142738 0.000162 -0.989761 -3.951122 1.182740 49.802219
-0.975084 0.000019 -0.221835 -0.000019 1.000000 0.000172 0.221835 0.000172 -0.975084 -4.065813 1.162742 51.191097
-0.999882 0.000011 -0.015355 0.000010 1.000000 0.000079 0.015355 0.000079 -0.999882 -4.220457 1.134036 51.076544
-0.993937 0.000010 -0.109947 0.000000 1.000000 0.000093 0.109947 0.000093 -0.993937 -4.181972 1.173183 50.735644
-0.998692 0.000012 -0.051123 0.000010 1.000000 0.000051 0.051123 0.000050 -0.998692 -4.203311 1.257443 49.076356
-0.993020 0.000020 -0.117941 0.000012 1.000000 0.000065 0.117941 0.000063 -0.993020 -4.134378 1.273976 47.153839
-0.999464 0.000012 -0.032742 0.000010 1.000000 0.000060 0.032742 0.000060 -0.999464 -4.137201 1.162453 45.626300
-0.995060 0.000025 -0.099276 0.000017 1.000000 0.000074 0.099276 0.000072 -0.995060 -4.120112 1.215097 43.597058
-0.985916 0.000034 -0.167242 0.000011 1.000000 0.000139 0.167242 0.000135 -0.985916 -4.100531 1.234225 41.766686
-0.997004 0.000045 -0.077352 0.000038 1.000000 0.000088 0.077352 0.000085 -0.997004 -3.973421 1.249340 37.642744
-0.999886 0.000039 -0.015144 0.000039 1.000000 -0.000003 0.015144 -0.000003 -0.999886 -4.074787 1.271614 36.460622
-0.999605 0.000049 -0.028108 0.000047 1.000000 0.000071 0.028108 0.000069 -0.999605 -4.013009 1.326487 33.988047
-0.999395 0.000051 -0.034787 0.000051 1.000000 0.000011 0.034787 0.000009 -0.999395 -3.980518 1.332286 31.291597
-0.998784 0.000080 -0.049292 0.000079 1.000000 0.000020 0.049292 0.000016 -0.998784 -4.040037 1.329181 29.406133
-0.997528 0.000056 -0.070260 0.000048 1.000000 0.000112 0.070260 0.000108 -0.997528 -4.102844 1.337441 27.913542
-0.993877 0.000098 -0.110501 0.000081 1.000000 0.000155 0.110501 0.000145 -0.993877 -4.161724 1.402891 25.900042
-0.998333 0.000029 -0.057711 0.000026 1.000000 0.000065 0.057711 0.000063 -0.998333 -4.356767 1.463598 24.385681
-0.998239 0.000022 -0.059319 0.000019 1.000000 0.000049 0.059319 0.000047 -0.998239 -4.459124 1.465653 22.067039
-0.998987 0.000031 -0.045000 0.000028 1.000000 0.000068 0.045000 0.000067 -0.998987 -4.334073 1.386981 18.321669
-0.999816 0.000111 -0.019187 0.000115 1.000000 -0.000214 0.019187 -0.000216 -0.999816 -4.135051 1.247641 14.202011
-0.999776 0.000279 -0.021190 0.000287 1.000000 -0.000379 0.021190 -0.000385 -0.999776 -3.992975 1.198849 10.938031
-0.997877 0.000276 -0.065121 0.000203 0.999999 0.001128 0.065121 0.001113 -0.997877 -3.971553 1.233718 8.153996
