0.999971 0.000019 0.007617 -0.000017 1.000000 -0.000193 -0.007617 0.000193 0.999971
0.998886 -0.000040 -0.047183 -0.000005 1.000000 -0.000946 0.047183 0.000945 0.998886
0.988399 0.000022 -0.151876 -0.000069 1.000000 -0.000305 0.151876 0.000312 0.988399
0.999986 0.000027 0.005247 -0.000027 1.000000 -0.000122 -0.005247 0.000121 0.999986
0.999990 0.000035 -0.004375 -0.000037 1.000000 -0.000361 0.004375 0.000361 0.999990
0.996688 0.000358 0.081314 -0.000314 1.000000 -0.000552 -0.081314 0.000524 0.996688
0.995329 0.000204 0.096541 -0.000143 1.000000 -0.000643 -0.096541 0.000626 0.995329
0.999826 0.000028 0.018697 -0.000021 1.000000 -0.000390 -0.018697 0.000389 0.999825
0.999758 -0.000032 -0.021997 0.000019 1.000000 -0.000579 0.021997 0.000578 0.999757
0.999861 0.000009 -0.016650 -0.000019 1.000000 -0.000571 0.016650 0.000572 0.999861
0.999888 0.000026 -0.014979 -0.000035 1.000000 -0.000604 0.014979 0.000605 0.999888
0.999906 -0.000042 -0.013658 0.000031 1.000000 -0.000792 0.013658 0.000792 0.999906
0.996105 0.000279 0.088178 -0.000171 0.999999 -0.001232 -0.088178 0.001212 0.996104
0.999914 0.000021 -0.013164 -0.000028 1.000000 -0.000556 0.013164 0.000556 0.999914
0.995125 0.000205 -0.098617 -0.000214 1.000000 -0.000081 0.098617 0.000102 0.995125
0.988682 0.000098 -0.150028 -0.000283 0.999999 -0.001215 0.150028 0.001244 0.988681
0.999034 0.000074 -0.043948 -0.000091 1.000000 -0.000378 0.043948 0.000382 0.999034
0.999676 0.000010 -0.025421 -0.000025 1.000000 -0.000617 0.025421 0.000618 0.999676
1.000000 -0.000032 -0.000774 0.000031 1.000000 -0.000921 0.000774 0.000921 0.999999
0.999968 -0.000007 0.007946 0.000015 1.000000 -0.000983 -0.007946 0.000983 0.999968
0.999743 0.000006 -0.022644 -0.000015 1.000000 -0.000423 0.022644 0.000424 0.999743
0.999938 -0.000039 -0.011142 0.000033 1.000000 -0.000485 0.011142 0.000485 0.999938
0.999983 0.000010 0.005885 -0.000006 1.000000 -0.000712 -0.005885 0.000712 0.999982
0.999922 0.000298 0.012483 -0.000294 1.000000 -0.000284 -0.012484 0.000280 0.999922
0.990699 0.000177 -0.136068 -0.000210 1.000000 -0.000227 0.136068 0.000254 0.990699
0.991763 -0.000179 -0.128084 0.000076 1.000000 -0.000802 0.128084 0.000786 0.991763
1.000000 0.000003 0.001033 -0.000003 1.000000 -0.000416 -0.001033 0.000416 0.999999
1.000000 0.000006 0.000288 -0.000006 1.000000 -0.000363 -0.000288 0.000363 1.000000
0.998382 0.000052 -0.056873 -0.000062 1.000000 -0.000165 0.056873 0.000169 0.998382
0.999982 -0.000015 -0.006088 0.000011 1.000000 -0.000669 0.006088 0.000669 0.999982
0.999425 -0.000005 -0.033928 -0.000013 1.000000 -0.000538 0.033928 0.000538 0.999424
0.999469 -0.000018 -0.032604 -0.000001 1.000000 -0.000603 0.032604 0.000602 0.999469
0.999984 -0.000042 -0.005646 0.000039 1.000000 -0.000433 0.005646 0.000433 0.999984
0.999873 0.000036 -0.015890 -0.000043 1.000000 -0.000408 0.015890 0.000409 0.999873
0.999392 -0.000053 -0.034856 0.000024 1.000000 -0.000842 0.034856 0.000841 0.999392
0.994372 0.000385 0.105943 -0.000347 1.000000 -0.000374 -0.105943 0.000335 0.994372
0.999394 0.000161 0.034809 -0.000137 1.000000 -0.000679 -0.034809 0.000674 0.999393
0.999969 0.000138 0.007985 -0.000135 1.000000 -0.000347 -0.007985 0.000346 0.999969
0.999974 0.000065 -0.007260 -0.000069 1.000000 -0.000530 0.007259 0.000530 0.999974
0.999806 0.000135 0.019694 -0.000118 1.000000 -0.000868 -0.019694 0.000866 0.999806
0.999282 0.000073 -0.037888 -0.000085 1.000000 -0.000309 0.037888 0.000312 0.999282
0.998899 0.000168 -0.046906 -0.000183 1.000000 -0.000314 0.046905 0.000322 0.998899
0.999672 0.000257 0.025611 -0.000243 1.000000 -0.000531 -0.025611 0.000525 0.999672
0.999569 0.000056 0.029345 -0.000040 1.000000 -0.000548 -0.029345 0.000547 0.999569
0.999983 0.000083 0.005782 -0.000080 1.000000 -0.000517 -0.005782 0.000517 0.999983
0.997264 0.000505 0.073925 -0.000422 0.999999 -0.001150 -0.073925 0.001116 0.997263
0.999881 0.000081 -0.015439 -0.000089 1.000000 -0.000523 0.015439 0.000525 0.999881
0.999970 0.000061 -0.007646 -0.000063 1.000000 -0.000204 0.007646 0.000205 0.999970
0.999419 0.000182 0.034075 -0.000157 1.000000 -0.000741 -0.034075 0.000736 0.999419
0.999906 -0.000017 0.013739 0.000032 0.999999 -0.001070 -0.013739 0.001071 0.999905
0.999619 0.000301 0.027614 -0.000282 1.000000 -0.000712 -0.027614 0.000704 0.999619
0.999984 0.000062 0.005700 -0.000061 1.000000 -0.000159 -0.005700 0.000159 0.999984
0.979020 0.000319 -0.203763 -0.000325 1.000000 0.000004 0.203763 0.000062 0.979020
0.999997 0.000024 -0.002281 -0.000023 1.000000 0.000181 0.002281 -0.000181 0.999997
0.999980 -0.000012 -0.006337 0.000014 1.000000 0.000188 0.006337 -0.000188 0.999980
0.999999 0.000326 -0.001275 -0.000327 1.000000 -0.000655 0.001275 0.000655 0.999999
0.999287 0.000018 -0.037763 -0.000027 1.000000 -0.000248 0.037763 0.000249 0.999287
0.999997 0.000049 0.002544 -0.000049 1.000000 -0.000307 -0.002544 0.000307 0.999997
0.998850 0.000047 -0.047955 -0.000051 1.000000 -0.000083 0.047955 0.000086 0.998850
0.999381 0.000185 0.035174 -0.000188 1.000000 0.000077 -0.035174 -0.000084 0.999381
0.999965 0.000031 -0.008353 -0.000036 1.000000 -0.000596 0.008353 0.000596 0.999965
0.999993 0.000098 -0.003814 -0.000101 1.000000 -0.000994 0.003814 0.000995 0.999993
0.999991 0.000959 0.004172 -0.000953 0.999999 -0.001413 -0.004173 0.001409 0.999991
0.999994 0.000055 0.003369 -0.000055 1.000000 -0.000236 -0.003369 0.000236 0.999994
0.999991 0.000050 0.004220 -0.000049 1.000000 -0.000214 -0.004220 0.000214 0.999991
0.999657 0.000040 -0.026183 -0.000054 1.000000 -0.000533 0.026183 0.000534 0.999657
0.999922 0.000143 0.012506 -0.000140 1.000000 -0.000299 -0.012506 0.000297 0.999922
0.999955 0.000079 -0.009479 -0.000085 1.000000 -0.000657 0.009479 0.000658 0.999954
0.999962 0.000061 0.008701 -0.000055 1.000000 -0.000650 -0.008701 0.000650 0.999962
0.999862 0.000105 0.016585 -0.000093 1.000000 -0.000732 -0.016585 0.000731 0.999862
0.999996 -0.000002 0.002707 0.000000 1.000000 0.000404 -0.002707 -0.000404 0.999996
0.998833 0.000007 -0.048298 -0.000033 1.000000 -0.000537 0.048298 0.000538 0.998833
1.000000 0.000055 -0.000317 -0.000055 1.000000 -0.000126 0.000317 0.000126 1.000000
0.999988 0.000078 -0.004755 -0.000080 1.000000 -0.000305 0.004755 0.000305 0.999988
0.999979 0.000076 0.006358 -0.000076 1.000000 0.000011 -0.006358 -0.000012 0.999979
0.999481 0.000103 -0.032217 -0.000100 1.000000 0.000098 0.032217 -0.000095 0.999481
0.999539 0.000458 0.030339 -0.000441 1.000000 -0.000583 -0.030340 0.000570 0.999539
0.998842 -0.000033 -0.048114 -0.000008 1.000000 -0.000854 0.048114 0.000853 0.998841
0.999719 -0.000037 -0.023721 0.000012 0.999999 -0.001055 0.023721 0.001055 0.999719
1.000000 -0.000078 0.000814 0.000079 1.000000 -0.000325 -0.000814 0.000325 0.999999
0.999638 0.000121 0.026894 -0.000124 1.000000 0.000107 -0.026894 -0.000110 0.999638
0.998908 0.000320 0.046726 -0.000275 0.999999 -0.000966 -0.046726 0.000952 0.998907
0.999688 -0.000021 -0.024959 0.000008 1.000000 -0.000516 0.024959 0.000515 0.999688
0.999936 0.000007 0.011328 -0.000001 1.000000 -0.000570 -0.011328 0.000570 0.999935
0.999897 -0.000006 0.014379 0.000007 1.000000 -0.000057 -0.014379 0.000057 0.999897
0.999989 0.000027 -0.004622 -0.000030 1.000000 -0.000671 0.004622 0.000671 0.999989
0.999981 0.000033 -0.006030 -0.000038 1.000000 -0.000737 0.006030 0.000737 0.999981
0.999333 -0.000013 -0.036510 -0.000025 0.999999 -0.001022 0.036510 0.001022 0.999332
0.999999 0.000061 -0.001260 -0.000062 1.000000 -0.000314 0.001260 0.000314 0.999999
0.999969 0.000761 0.007737 -0.000754 0.999999 -0.000926 -0.007738 0.000920 0.999969
0.999514 0.000146 0.031166 -0.000117 1.000000 -0.000934 -0.031166 0.000930 0.999514
0.999999 0.000020 -0.000612 -0.000021 1.000000 -0.000602 0.000612 0.000602 0.999999
0.999788 0.000362 0.020585 -0.000353 1.000000 -0.000423 -0.020585 0.000415 0.999788
0.999970 -0.000038 -0.007821 0.000039 1.000000 0.000131 0.007821 -0.000131 0.999970
0.996851 0.000265 0.079302 -0.000257 1.000000 -0.000102 -0.079302 0.000082 0.996851
0.999809 -0.000148 -0.019559 0.000154 1.000000 0.000302 0.019559 -0.000305 0.999809
0.999503 0.000136 0.031519 -0.000133 1.000000 -0.000085 -0.031519 0.000081 0.999503
0.999996 -0.000030 0.003027 0.000031 1.000000 -0.000126 -0.003027 0.000126 0.999996
0.999971 -0.000032 0.007526 0.000030 1.000000 0.000137 -0.007526 -0.000137 0.999971
1.000000 -0.000025 -0.000693 0.000025 1.000000 0.000232 0.000693 -0.000232 1.000000
0.999992 0.000108 -0.004142 -0.000111 1.000000 -0.000608 0.004142 0.000609 0.999992
0.999858 0.000163 0.016907 -0.000165 1.000000 0.000136 -0.016907 -0.000139 0.999858
0.999891 -0.000022 0.014714 0.000023 1.000000 -0.000078 -0.014714 0.000078 0.999891
0.999596 0.000134 0.028401 -0.000139 1.000000 0.000188 -0.028401 -0.000192 0.999596
0.999839 0.000609 0.017928 -0.000612 1.000000 0.000193 -0.017928 -0.000204 0.999839
0.999978 0.000103 -0.006628 -0.000099 1.000000 0.000539 0.006628 -0.000538 0.999978
0.999748 0.000010 0.022460 -0.000025 1.000000 0.000653 -0.022460 -0.000653 0.999747
0.999999 0.000069 -0.001398 -0.000069 1.000000 0.000153 0.001399 -0.000153 0.999999
0.999688 0.000315 0.024973 -0.000303 1.000000 -0.000474 -0.024973 0.000467 0.999688
0.999899 0.000014 -0.014195 -0.000007 1.000000 0.000505 0.014195 -0.000505 0.999899
0.999973 0.000128 -0.007440 -0.000124 1.000000 0.000552 0.007440 -0.000551 0.999973
0.999789 0.000042 -0.020537 -0.000052 1.000000 -0.000519 0.020537 0.000520 0.999788
0.999598 -0.000004 -0.028356 0.000000 1.000000 -0.000131 0.028356 0.000131 0.999598
0.999692 0.000014 -0.024817 -0.000036 1.000000 -0.000880 0.024817 0.000881 0.999691
0.999627 -0.000094 -0.027309 0.000100 1.000000 0.000205 0.027309 -0.000208 0.999627
0.999935 0.000017 -0.011400 -0.000019 1.000000 -0.000201 0.011400 0.000201 0.999935
0.998621 0.000007 -0.052487 -0.000049 1.000000 -0.000803 0.052487 0.000804 0.998621
0.999453 0.000051 -0.033085 -0.000060 1.000000 -0.000269 0.033085 0.000271 0.999453
0.999209 0.000048 -0.039773 -0.000080 1.000000 -0.000794 0.039773 0.000797 0.999209
0.999821 0.000035 -0.018904 -0.000030 1.000000 0.000263 0.018904 -0.000263 0.999821
0.997849 0.000115 -0.065543 -0.000157 1.000000 -0.000640 0.065543 0.000649 0.997849
0.998919 0.000027 -0.046481 -0.000059 1.000000 -0.000703 0.046481 0.000705 0.998918
0.999522 0.000027 -0.030917 -0.000044 1.000000 -0.000549 0.030917 0.000550 0.999522
0.999032 0.000010 -0.043982 -0.000039 1.000000 -0.000648 0.043982 0.000649 0.999032
0.998032 0.000012 -0.062709 -0.000083 0.999999 -0.001118 0.062709 0.001120 0.998031
0.998538 0.000029 -0.054051 -0.000065 1.000000 -0.000674 0.054051 0.000677 0.998538
0.999072 0.000064 -0.043075 -0.000086 1.000000 -0.000514 0.043075 0.000517 0.999071
0.999664 0.000017 -0.025906 -0.000022 1.000000 -0.000165 0.025906 0.000166 0.999664
0.999090 0.000076 -0.042655 -0.000055 1.000000 0.000474 0.042655 -0.000471 0.999090
0.997764 -0.000007 -0.066832 0.000009 1.000000 0.000034 0.066832 -0.000034 0.997764
0.996472 0.000105 -0.083923 -0.000100 1.000000 0.000059 0.083923 -0.000050 0.996472
0.996702 -0.000084 -0.081157 0.000013 1.000000 -0.000877 0.081157 0.000873 0.996701
0.999795 -0.000020 -0.020247 0.000008 1.000000 -0.000563 0.020247 0.000563 0.999795
0.999041 0.000145 -0.043790 -0.000166 1.000000 -0.000459 0.043790 0.000466 0.999040
0.996409 0.000077 -0.084678 -0.000075 1.000000 0.000024 0.084678 -0.000018 0.996409
0.997325 0.000081 -0.073094 -0.000107 1.000000 -0.000354 0.073094 0.000361 0.997325
0.999933 0.000202 -0.011600 -0.000207 1.000000 -0.000443 0.011600 0.000446 0.999933
0.999153 0.000041 -0.041158 -0.000066 1.000000 -0.000593 0.041158 0.000595 0.999153
0.998966 0.000070 -0.045458 -0.000091 1.000000 -0.000450 0.045458 0.000453 0.998966
0.998961 0.000072 -0.045578 -0.000099 1.000000 -0.000597 0.045578 0.000601 0.998961
0.997672 -0.000022 -0.068194 -0.000032 1.000000 -0.000790 0.068194 0.000790 0.997672
0.996682 0.000109 -0.081392 -0.000130 1.000000 -0.000249 0.081392 0.000259 0.996682
0.996233 0.000096 -0.086727 -0.000106 1.000000 -0.000113 0.086727 0.000121 0.996233
0.998375 0.000157 -0.056981 -0.000162 1.000000 -0.000080 0.056981 0.000089 0.998375
0.998414 0.000125 -0.056293 -0.000159 1.000000 -0.000602 0.056293 0.000610 0.998414
0.997129 0.000005 -0.075724 -0.000064 1.000000 -0.000777 0.075724 0.000780 0.997128
0.999740 0.000051 -0.022812 -0.000067 1.000000 -0.000678 0.022812 0.000679 0.999740
0.999867 0.000012 -0.016300 -0.000013 1.000000 -0.000072 0.016300 0.000072 0.999867
0.999878 0.000153 -0.015633 -0.000153 1.000000 -0.000007 0.015633 0.000010 0.999878
0.999864 0.000087 -0.016457 -0.000090 1.000000 -0.000215 0.016457 0.000217 0.999864
0.999976 0.000121 -0.006896 -0.000120 1.000000 0.000172 0.006896 -0.000171 0.999976
0.997032 0.000182 -0.076993 -0.000200 1.000000 -0.000226 0.076993 0.000241 0.997032
0.999553 0.000061 -0.029909 -0.000072 1.000000 -0.000359 0.029909 0.000361 0.999553
0.999993 0.000017 -0.003903 -0.000016 1.000000 0.000429 0.003903 -0.000429 0.999993
0.999771 0.000036 -0.021373 -0.000025 1.000000 0.000494 0.021373 -0.000493 0.999771
0.999987 0.000099 0.005143 -0.000098 1.000000 -0.000078 -0.005143 0.000078 0.999987
0.999716 0.000018 -0.023832 -0.000031 1.000000 -0.000537 0.023832 0.000537 0.999716
0.999882 -0.000015 -0.015370 0.000016 1.000000 0.000060 0.015370 -0.000060 0.999882
0.999802 0.000445 0.019901 -0.000416 0.999999 -0.001431 -0.019901 0.001423 0.999801
0.999965 0.000110 -0.008329 -0.000113 1.000000 -0.000333 0.008329 0.000333 0.999965
0.999646 -0.000042 -0.026613 0.000044 1.000000 0.000065 0.026613 -0.000066 0.999646
0.999865 0.000179 0.016421 -0.000172 1.000000 -0.000456 -0.016421 0.000453 0.999865
0.999449 0.000006 -0.033174 -0.000043 0.999999 -0.001130 0.033174 0.001130 0.999449
0.999935 0.000067 -0.011426 -0.000075 1.000000 -0.000721 0.011426 0.000722 0.999934
0.999487 0.000021 -0.032026 -0.000051 1.000000 -0.000949 0.032026 0.000950 0.999487
0.999924 0.000027 -0.012328 -0.000038 1.000000 -0.000832 0.012328 0.000832 0.999923
0.999818 0.000019 -0.019065 -0.000026 1.000000 -0.000349 0.019065 0.000350 0.999818
0.995097 0.000565 0.098907 -0.000432 0.999999 -0.001367 -0.098907 0.001317 0.995096
0.999883 0.000137 0.015288 -0.000131 1.000000 -0.000393 -0.015288 0.000391 0.999883
0.971225 -0.000261 -0.238164 -0.000115 0.999999 -0.001567 0.238164 0.001550 0.971224
0.999753 -0.000018 -0.022225 0.000014 1.000000 -0.000186 0.022225 0.000186 0.999753
0.999961 0.000009 0.008862 -0.000011 1.000000 0.000228 -0.008862 -0.000228 0.999961
0.998691 0.000188 0.051155 -0.000158 1.000000 -0.000602 -0.051156 0.000593 0.998691
0.999931 0.000108 0.011740 -0.000107 1.000000 -0.000067 -0.011740 0.000066 0.999931
0.999957 0.000051 -0.009245 -0.000052 1.000000 -0.000203 0.009245 0.000203 0.999957
0.999601 0.000071 -0.028221 -0.000075 1.000000 -0.000135 0.028221 0.000137 0.999601
0.999985 0.000083 -0.005578 -0.000087 1.000000 -0.000748 0.005578 0.000748 0.999984
0.999979 0.000017 -0.006526 -0.000020 1.000000 -0.000438 0.006526 0.000438 0.999979
0.999891 0.000335 -0.014772 -0.000335 1.000000 -0.000017 0.014772 0.000022 0.999891
0.985059 -0.000265 -0.172217 0.000098 1.000000 -0.000977 0.172217 0.000946 0.985058
0.999408 0.000010 -0.034410 -0.000015 1.000000 -0.000147 0.034410 0.000148 0.999408
0.999828 0.000021 0.018550 -0.000009 1.000000 -0.000664 -0.018550 0.000664 0.999828
0.988959 0.000145 -0.148194 -0.000397 0.999999 -0.001668 0.148193 0.001708 0.988957
0.999961 0.000013 -0.008746 -0.000014 1.000000 -0.000080 0.008746 0.000080 0.999961
0.999461 0.000025 -0.032837 -0.000036 1.000000 -0.000351 0.032837 0.000352 0.999461
0.999995 0.000000 0.003147 0.000003 0.999999 -0.001141 -0.003147 0.001141 0.999994
0.990142 0.000218 0.140073 -0.000055 0.999999 -0.001170 -0.140073 0.001151 0.990141
0.999989 0.000068 -0.004706 -0.000072 1.000000 -0.000940 0.004706 0.000940 0.999989
0.998996 -0.000087 -0.044797 0.000055 1.000000 -0.000701 0.044798 0.000698 0.998996
0.998036 0.000442 -0.062645 -0.000473 1.000000 -0.000483 0.062645 0.000511 0.998036
0.999976 -0.000014 0.006910 0.000021 0.999999 -0.001062 -0.006910 0.001062 0.999975
0.999600 0.000988 0.028278 -0.000911 0.999996 -0.002749 -0.028281 0.002722 0.999596
0.999984 0.000078 -0.005517 -0.000083 1.000000 -0.000908 0.005517 0.000909 0.999984
0.999890 0.000033 0.014821 -0.000028 1.000000 -0.000335 -0.014821 0.000334 0.999890
0.988149 0.000509 0.153501 -0.000446 1.000000 -0.000444 -0.153501 0.000371 0.988149
0.994799 0.000575 0.101853 -0.000531 1.000000 -0.000454 -0.101853 0.000398 0.994799
0.999827 -0.000022 0.018626 0.000018 1.000000 0.000186 -0.018626 -0.000185 0.999826
0.999985 0.000029 0.005613 -0.000023 0.999999 -0.001089 -0.005613 0.001089 0.999984
0.992022 0.000272 0.126065 -0.000254 1.000000 -0.000151 -0.126065 0.000118 0.992022
0.999895 0.000618 0.014450 -0.000578 0.999996 -0.002808 -0.014451 0.002800 0.999891
0.999624 0.000200 -0.027406 -0.000260 0.999998 -0.002167 0.027405 0.002173 0.999622
0.999659 0.000094 0.026110 -0.000083 1.000000 -0.000411 -0.026110 0.000409 0.999659
0.999739 0.000025 0.022847 -0.000026 1.000000 0.000030 -0.022847 -0.000030 0.999739
0.992313 0.000116 -0.123746 -0.000169 1.000000 -0.000411 0.123746 0.000428 0.992313
0.999988 0.000102 -0.004861 -0.000104 1.000000 -0.000331 0.004861 0.000332 0.999988
0.999995 0.000063 -0.003373 -0.000065 1.000000 -0.000518 0.003373 0.000519 0.999995
0.999977 0.000006 -0.006754 -0.000009 1.000000 -0.000520 0.006754 0.000520 0.999977
0.999995 0.000035 0.003031 -0.000036 1.000000 0.000208 -0.003031 -0.000208 0.999995
0.991372 0.001017 0.131077 -0.000749 0.999998 -0.002095 -0.131078 0.001979 0.991370
0.999759 0.000070 0.021939 -0.000068 1.000000 -0.000080 -0.021939 0.000079 0.999759
0.999822 0.000112 0.018866 -0.000098 1.000000 -0.000712 -0.018866 0.000710 0.999822
0.999599 0.000385 -0.028294 -0.000404 1.000000 -0.000684 0.028294 0.000695 0.999599
0.991489 0.000765 0.130188 -0.000607 0.999999 -0.001256 -0.130189 0.001166 0.991489
0.999174 0.000173 0.040638 -0.000160 1.000000 -0.000330 -0.040638 0.000323 0.999174
0.999946 0.000032 0.010359 -0.000031 1.000000 -0.000025 -0.010359 0.000024 0.999946
0.983106 0.000028 -0.183039 -0.000086 1.000000 -0.000311 0.183039 0.000322 0.983106
0.986701 -0.000125 -0.162545 -0.000360 0.999996 -0.002958 0.162545 0.002977 0.986697
0.999857 0.000092 0.016937 -0.000084 1.000000 -0.000502 -0.016937 0.000500 0.999857
0.998202 -0.000027 -0.059940 -0.000039 0.999999 -0.001096 0.059940 0.001096 0.998202
0.998975 0.000115 0.045274 -0.000068 0.999999 -0.001046 -0.045274 0.001042 0.998974
0.999596 0.000200 0.028416 -0.000148 0.999998 -0.001822 -0.028416 0.001817 0.999595
0.992545 0.000432 0.121879 -0.000319 0.999999 -0.000950 -0.121879 0.000904 0.992545
0.995027 0.000743 0.099597 -0.000510 0.999997 -0.002364 -0.099599 0.002302 0.995025
0.999076 0.000051 0.042979 -0.000029 1.000000 -0.000504 -0.042979 0.000502 0.999076
0.999968 0.000027 0.007954 -0.000019 0.999999 -0.001101 -0.007954 0.001100 0.999968
0.998921 0.000011 -0.046452 -0.000083 0.999999 -0.001537 0.046452 0.001540 0.998920
0.999863 0.000035 0.016517 -0.000028 1.000000 -0.000441 -0.016517 0.000440 0.999863
0.999505 0.000100 0.031476 -0.000064 0.999999 -0.001154 -0.031477 0.001152 0.999504
0.999940 0.000023 0.011004 -0.000011 0.999999 -0.001086 -0.011004 0.001086 0.999939
0.999780 0.000015 0.021015 -0.000009 1.000000 -0.000312 -0.021015 0.000312 0.999780
0.999073 0.000254 0.043049 -0.000211 0.999999 -0.001022 -0.043050 0.001012 0.999073
0.999634 0.000030 0.027068 -0.000021 1.000000 -0.000363 -0.027068 0.000363 0.999633
0.999961 0.000025 0.008780 -0.000018 1.000000 -0.000765 -0.008780 0.000764 0.999961
0.999998 -0.000043 0.001980 0.000045 0.999999 -0.001063 -0.001980 0.001063 0.999997
0.999864 -0.000004 0.016458 0.000014 1.000000 -0.000609 -0.016458 0.000609 0.999864
0.999637 0.000020 0.026939 -0.000010 1.000000 -0.000370 -0.026939 0.000370 0.999637
0.997992 0.000407 0.063345 -0.000324 0.999999 -0.001319 -0.063345 0.001296 0.997991
0.999757 0.000033 0.022046 -0.000011 1.000000 -0.000970 -0.022046 0.000969 0.999756
0.999874 0.000030 0.015845 -0.000021 1.000000 -0.000596 -0.015845 0.000596 0.999874
0.999992 0.000015 0.004107 -0.000012 1.000000 -0.000871 -0.004107 0.000871 0.999991
1.000000 0.000013 0.000584 -0.000012 1.000000 -0.000833 -0.000584 0.000833 1.000000
